# Created by Octave 5.2.0, Sat Jun 20 20:09:08 2020 GMT <unknown@DESKTOP-CVU5H2C>
# name: var
# type: scalar struct
# ndims: 2
 1 1
# length: 5
# name: X
# type: matrix
# rows: 1
# columns: 30
 0 -0.099999999999999992 -0.19999999999999998 -0.29999999999999999 -0.39999999999999997 -0.49999999999999994 -0.59999999999999998 -0.69999999999999996 -0.79999999999999993 -0.89999999999999991 -0.99999999999999989 -1.0999999999999999 -1.2 -1.3 -1.4000000000000001 -1.5000000000000002 -1.6000000000000003 -1.7000000000000004 -1.8000000000000005 -1.9000000000000006 -2.0000000000000004 -2.1000000000000005 -2.2000000000000006 -2.3000000000000007 -2.4000000000000008 -2.5000000000000009 -2.600000000000001 -2.7000000000000011 -2.8000000000000012 -2.9000000000000012


# name: Y
# type: matrix
# rows: 1
# columns: 30
 10 9.9877374999999997 9.9509499999999989 9.8896374999999992 9.803799999999999 9.6934374999999982 9.5585499999999985 9.3991374999999984 9.2151999999999976 9.0067374999999981 8.7737499999999979 8.5162374999999972 8.2341999999999977 7.9276374999999977 7.5965499999999979 7.2409374999999976 6.8607999999999976 6.4561374999999979 6.0269499999999976 5.5732374999999976 5.0949999999999971 4.5922374999999969 4.064949999999997 3.5131374999999965 2.9367999999999963 2.335937499999996 1.7105499999999956 1.0606374999999952 0.38619999999999488 -0.31276250000000561


# name: Vx
# type: matrix
# rows: 1
# columns: 30
 -2 -2 -2 -2 -2 -2 -2 -2 -2 -2 -2 -2 -2 -2 -2 -2 -2 -2 -2 -2 -2 -2 -2 -2 -2 -2 -2 -2 -2 -2


# name: Vy
# type: matrix
# rows: 1
# columns: 30
 0 -0.49050000000000005 -0.98100000000000009 -1.4715000000000003 -1.9620000000000002 -2.4525000000000001 -2.9430000000000001 -3.4335 -3.9239999999999999 -4.4145000000000003 -4.9050000000000002 -5.3955000000000002 -5.8860000000000001 -6.3765000000000001 -6.867 -7.3574999999999999 -7.8479999999999999 -8.3384999999999998 -8.8290000000000006 -9.3195000000000014 -9.8100000000000023 -10.300500000000003 -10.791000000000004 -11.281500000000005 -11.772000000000006 -12.262500000000006 -12.753000000000007 -13.243500000000008 -13.734000000000009 -14.22450000000001


# name: Time
# type: matrix
# rows: 1
# columns: 30
 0 0.050000000000000003 0.10000000000000001 0.15000000000000002 0.20000000000000001 0.25 0.30000000000000004 0.35000000000000003 0.40000000000000002 0.45000000000000001 0.5 0.55000000000000004 0.60000000000000009 0.65000000000000002 0.70000000000000007 0.75 0.80000000000000004 0.85000000000000009 0.90000000000000002 0.95000000000000007 1 1.05 1.1000000000000001 1.1500000000000001 1.2000000000000002 1.25 1.3 1.3500000000000001 1.4000000000000001 1.4500000000000002




